# Created by Octave 4.2.2, Sat May 19 17:31:56 2018 DST <davidwg@LAPTOP-T6U62S0Q>
# name: v
# type: matrix
# rows: 10
# columns: 1
 3999
 3299
 3690
 2320
 5399
 2999
 3149
 1989
 2120
 2425


